1921.69 1823.94 1183.05 1752.57
1483.37 1389.44 576.35 766.334
1389.44 1548.72 766.334 748.464
1548.72 1483.37 748.464 576.35
112.988 263.325 396.013 109.861
1921.69 1920.77 1183.05 891.272
1920.77 1473.68 891.272 1094.42
1473.68 1921.69 1094.42 1183.05
1401.58 1379.64 1544.86 1381.27
1379.64 1174.34 1381.27 1333.9
1174.34 1401.58 1333.9 1544.86
1389.44 1495.25 766.334 800.417
1495.25 1548.72 800.417 748.464
1548.72 1389.44 748.464 766.334
1260.87 1203.1 279.217 227.19
1203.1 783.149 227.19 590.747
783.149 1260.87 590.747 279.217
1826.78 1920.77 172.172 891.272
1495.25 1480.22 800.417 815.309
1480.22 1473.68 815.309 1094.42
1473.68 1495.25 1094.42 800.417
1260.87 783.149 279.217 590.747
783.149 1031.07 590.747 758.095
1031.07 1260.87 758.095 279.217
419.147 116.977 798.978 938.698
116.977 243.372 938.698 1055.89
243.372 419.147 1055.89 798.978
243.372 517.566 1055.89 1936.07
517.566 570.679 1936.07 1608.49
570.679 243.372 1608.49 1055.89
1296.37 1260.87 291.857 279.217
1260.87 1332.35 279.217 727.036
1332.35 1296.37 727.036 291.857
112.988 116.977 396.013 938.698
116.977 192.809 938.698 539.254
192.809 112.988 539.254 396.013
648.645 419.147 967.865 798.978
419.147 466.538 798.978 1204.43
466.538 648.645 1204.43 967.865
840.6 1032.46 958.905 1317.42
1032.46 1077.21 1317.42 964.94
1077.21 840.6 964.94 958.905
419.147 504.371 798.978 562.02
504.371 192.809 562.02 539.254
192.809 419.147 539.254 798.978
687.733 932.801 526.217 189.59
932.801 632.667 189.59 326.827
632.667 687.733 326.827 526.217
1483.37 1548.72 576.35 748.464
1548.72 1544.75 748.464 582.973
1544.75 1483.37 582.973 576.35
687.733 783.149 526.217 590.747
783.149 932.801 590.747 189.59
932.801 687.733 189.59 526.217
1260.87 1296.37 279.217 291.857
1296.37 1298.85 291.857 146.536
1298.85 1260.87 146.536 279.217
419.147 648.645 798.978 967.865
648.645 653.941 967.865 692.933
653.941 419.147 692.933 798.978
1379.64 1401.58 1381.27 1544.86
1401.58 1647.58 1544.86 1714.6
1647.58 1379.64 1714.6 1381.27
687.733 627.705 526.217 537.498
627.705 653.941 537.498 692.933
653.941 687.733 692.933 526.217
783.149 1203.1 590.747 227.19
1203.1 932.801 227.19 189.59
932.801 783.149 189.59 590.747
1480.22 1495.25 815.309 800.417
1495.25 1389.44 800.417 766.334
1389.44 1480.22 766.334 815.309
783.149 687.733 590.747 526.217
687.733 653.941 526.217 692.933
653.941 783.149 692.933 590.747
1296.37 1496.92 291.857 321.503
1496.92 1298.85 321.503 146.536
1298.85 1296.37 146.536 291.857
1260.87 1031.07 279.217 758.095
1031.07 1332.35 758.095 727.036
1332.35 1260.87 727.036 279.217
1129.59 1401.58 1663.21 1544.86
1401.58 1174.34 1544.86 1333.9
1174.34 1129.59 1333.9 1663.21
1031.07 783.149 758.095 590.747
783.149 840.6 590.747 958.905
840.6 1031.07 958.905 758.095
1920.77 1921.69 891.272 1183.05
1920.77 1495.25 891.272 800.417
1495.25 1473.68 800.417 1094.42
1473.68 1920.77 1094.42 891.272
1077.21 1174.34 964.94 1333.9
1174.34 1473.68 1333.9 1094.42
1473.68 1077.21 1094.42 964.94
840.6 621.88 958.905 1441.58
621.88 1032.46 1441.58 1317.42
1032.46 840.6 1317.42 958.905
502.892 263.325 403.478 109.861
263.325 220.049 109.861 462.886
220.049 502.892 462.886 403.478
932.801 1203.1 189.59 227.19
1203.1 1298.85 227.19 146.536
1298.85 932.801 146.536 189.59
621.88 747.161 1441.58 1831.98
747.161 1129.59 1831.98 1663.21
1129.59 621.88 1663.21 1441.58
1389.44 1077.21 766.334 964.94
1077.21 1473.68 964.94 1094.42
1473.68 1389.44 1094.42 766.334
621.88 840.6 1441.58 958.905
840.6 648.645 958.905 967.865
648.645 621.88 967.865 1441.58
840.6 783.149 958.905 590.747
783.149 653.941 590.747 692.933
653.941 840.6 692.933 958.905
504.371 419.147 562.02 798.978
419.147 653.941 798.978 692.933
653.941 504.371 692.933 562.02
627.705 687.733 537.498 526.217
687.733 632.667 526.217 326.827
632.667 627.705 326.827 537.498
621.88 466.538 1441.58 1204.43
466.538 570.679 1204.43 1608.49
570.679 621.88 1608.49 1441.58
621.88 648.645 1441.58 967.865
648.645 466.538 967.865 1204.43
466.538 621.88 1204.43 1441.58
1823.94 1921.69 1752.57 1183.05
1921.69 1647.58 1183.05 1714.6
1647.58 1823.94 1714.6 1752.57
1483.37 1296.37 576.35 291.857
1296.37 1332.35 291.857 727.036
1332.35 1483.37 727.036 576.35
1031.07 840.6 758.095 958.905
840.6 1077.21 958.905 964.94
1077.21 1031.07 964.94 758.095
1032.46 1129.59 1317.42 1663.21
1129.59 1174.34 1663.21 1333.9
1174.34 1032.46 1333.9 1317.42
1077.21 1389.44 964.94 766.334
1389.44 1332.35 766.334 727.036
1332.35 1077.21 727.036 964.94
1669.98 1374.13 1931.43 1833.14
1374.13 517.566 1833.14 1936.07
517.566 1669.98 1936.07 1931.43
1129.59 1374.13 1663.21 1833.14
1374.13 1388.93 1833.14 1748.92
1388.93 1129.59 1748.92 1663.21
1669.98 517.566 1931.43 1936.07
116.977 112.988 938.698 396.013
263.325 112.988 109.861 396.013
112.988 220.049 396.013 462.886
220.049 263.325 462.886 109.861
504.371 627.705 562.02 537.498
627.705 502.892 537.498 403.478
502.892 504.371 403.478 562.02
1495.25 1920.77 800.417 891.272
1920.77 1548.72 891.272 748.464
1548.72 1495.25 748.464 800.417
1548.72 1920.77 748.464 891.272
1920.77 1544.75 891.272 582.973
1544.75 1548.72 582.973 748.464
263.325 932.801 109.861 189.59
932.801 1298.85 189.59 146.536
1298.85 263.325 146.536 109.861
263.325 502.892 109.861 403.478
502.892 632.667 403.478 326.827
632.667 263.325 326.827 109.861
1544.75 1920.77 582.973 891.272
1920.77 1826.78 891.272 172.172
1826.78 1544.75 172.172 582.973
1483.37 1544.75 576.35 582.973
1544.75 1496.92 582.973 321.503
1496.92 1483.37 321.503 576.35
1032.46 621.88 1317.42 1441.58
621.88 1129.59 1441.58 1663.21
1129.59 1032.46 1663.21 1317.42
1374.13 747.161 1833.14 1831.98
747.161 517.566 1831.98 1936.07
517.566 1374.13 1936.07 1833.14
466.538 419.147 1204.43 798.978
419.147 243.372 798.978 1055.89
243.372 466.538 1055.89 1204.43
243.372 116.977 1055.89 938.698
116.977 517.566 938.698 1936.07
517.566 243.372 1936.07 1055.89
1921.69 1379.64 1183.05 1381.27
1379.64 1647.58 1381.27 1714.6
1647.58 1921.69 1714.6 1183.05
1823.94 1669.98 1752.57 1931.43
1174.34 1379.64 1333.9 1381.27
1379.64 1473.68 1381.27 1094.42
1473.68 1174.34 1094.42 1333.9
1077.21 1032.46 964.94 1317.42
1032.46 1174.34 1317.42 1333.9
1174.34 1077.21 1333.9 964.94
504.371 220.049 562.02 462.886
220.049 192.809 462.886 539.254
192.809 504.371 539.254 562.02
504.371 502.892 562.02 403.478
502.892 220.049 403.478 462.886
220.049 504.371 462.886 562.02
502.892 627.705 403.478 537.498
627.705 632.667 537.498 326.827
632.667 502.892 326.827 403.478
932.801 263.325 189.59 109.861
263.325 632.667 109.861 326.827
632.667 932.801 326.827 189.59
1480.22 1389.44 815.309 766.334
1389.44 1473.68 766.334 1094.42
1473.68 1480.22 1094.42 815.309
1379.64 1921.69 1381.27 1183.05
1921.69 1473.68 1183.05 1094.42
1473.68 1379.64 1094.42 1381.27
1669.98 1823.94 1931.43 1752.57
1823.94 1647.58 1752.57 1714.6
1647.58 1669.98 1714.6 1931.43
1129.59 747.161 1663.21 1831.98
747.161 1374.13 1831.98 1833.14
1374.13 1129.59 1833.14 1663.21
627.705 504.371 537.498 562.02
504.371 653.941 562.02 692.933
653.941 627.705 692.933 537.498
648.645 840.6 967.865 958.905
840.6 653.941 958.905 692.933
653.941 648.645 692.933 967.865
747.161 621.88 1831.98 1441.58
621.88 570.679 1441.58 1608.49
570.679 747.161 1608.49 1831.98
517.566 116.977 1936.07 938.698
263.325 1298.85 109.861 146.536
1296.37 1483.37 291.857 576.35
1483.37 1496.92 576.35 321.503
1496.92 1296.37 321.503 291.857
1203.1 1260.87 227.19 279.217
1260.87 1298.85 279.217 146.536
1298.85 1203.1 146.536 227.19
1298.85 1496.92 146.536 321.503
1496.92 1826.78 321.503 172.172
1826.78 1298.85 172.172 146.536
1298.85 1826.78 146.536 172.172
1496.92 1544.75 321.503 582.973
1544.75 1826.78 582.973 172.172
1826.78 1496.92 172.172 321.503
1401.58 1129.59 1544.86 1663.21
1129.59 1388.93 1663.21 1748.92
1388.93 1401.58 1748.92 1544.86
1374.13 1669.98 1833.14 1931.43
1669.98 1647.58 1931.43 1714.6
1647.58 1374.13 1714.6 1833.14
466.538 243.372 1204.43 1055.89
243.372 570.679 1055.89 1608.49
570.679 466.538 1608.49 1204.43
517.566 747.161 1936.07 1831.98
747.161 570.679 1831.98 1608.49
570.679 517.566 1608.49 1936.07
116.977 419.147 938.698 798.978
419.147 192.809 798.978 539.254
192.809 116.977 539.254 938.698
220.049 112.988 462.886 396.013
112.988 192.809 396.013 539.254
192.809 220.049 539.254 462.886
1401.58 1388.93 1544.86 1748.92
1388.93 1647.58 1748.92 1714.6
1647.58 1401.58 1714.6 1544.86
1388.93 1374.13 1748.92 1833.14
1374.13 1647.58 1833.14 1714.6
1647.58 1388.93 1714.6 1748.92
1031.07 1077.21 758.095 964.94
1077.21 1332.35 964.94 727.036
1332.35 1031.07 727.036 758.095
1389.44 1483.37 766.334 576.35
1483.37 1332.35 576.35 727.036
1332.35 1389.44 727.036 766.334
